0.672
0.739
0.665
0.599
0.659
0.593
0.652
0.587
0.528
0.581
0.639
0.703
0.633
0.696
0.750
0.675
0.743
0.750
0.750
0.750
0.675
0.743
0.750
0.750
0.675
0.608
0.547
0.601
0.662
0.728
0.655
0.720
0.648
0.713
0.750
0.675
0.743
0.668
0.735
0.750
0.675
0.608
0.668
0.601
0.541
0.595
0.536
0.589
0.531
0.584
0.642
0.578
0.520
0.468
0.515
0.566
0.510
0.561
0.617
0.678
0.746
0.750
0.750
0.750
0.750
0.675
0.743
0.668
0.735
0.662
0.595
0.536
0.589
0.648
0.584
0.525
0.578
0.635
0.699
0.750
0.750
0.750
0.750
0.675
0.743
0.668
0.735
0.750
0.750
0.750
0.750
0.750
0.675
0.743
0.750
0.750
0.750
0.675
0.743
0.668
