0.614
0.592
0.404
0.389
0.583
0.702
0.434
0.388
0.482
0.641
0.710
0.468
0.625
0.443
0.339
0.547
0.355
0.663
0.336
0.544
0.626
0.536
0.540
0.626
0.266
0.429
0.659
0.459
0.737
0.607
0.490
0.396
0.725
0.660
0.568
0.435
0.430
0.467
0.479
0.486
0.485
0.664
0.326
0.667
0.480
0.390
0.348
0.340
0.683
0.493
0.460
0.566
0.600
0.408
0.536
0.436
0.686
0.653
0.558
0.437
0.599
0.704
0.348
0.655
0.564
0.482
0.403
0.520
0.568
0.313
0.499
0.264
0.268
0.492
0.578
0.448
0.720
0.442
0.573
0.635
0.697
0.549
0.738
0.289
0.638
0.389
0.700
0.437
0.466
0.416
0.408
0.471
0.298
0.623
0.335
0.653
0.320
0.296
0.264
0.524
